%YAML:1.0
---
K: !!opencv-matrix
   rows: 3
   cols: 3
   dt: d
   data: [ 3.1601688343613614e+03, 0., 2.0316219018707357e+03, 0.,
       3.1579383184227572e+03, 1.5325905756651362e+03, 0., 0., 1. ]
D: !!opencv-matrix
   rows: 1
   cols: 5
   dt: d
   data: [ 4.6129050021544923e-03, 6.3054990312427894e-02,
       -1.1576434624863847e-04, -1.7215787506533371e-03,
       -2.4976694026384097e-02 ]
